28.000000
x_1 = 8.000000
x_2 = 4.000000
x_3 = 0.000000