0.000000
x_1 = 0.000000
x_2 = 0.000000
